-0.104248	0.018677	-0.991577	-0.535813	-0.577048	-0.162195
-0.105957	0.016113	-0.990356	-0.543289	-0.711630	-0.214533
-0.103638	0.017334	-0.990845	-0.745163	-0.337790	0.069586
-0.106201	0.017700	-0.991577	-0.393753	-0.524710	-0.236963
-0.107544	0.016357	-0.991455	-0.797501	-0.150870	0.106970
-0.105713	0.016479	-0.991211	-0.199356	-0.345267	0.084540
-0.104858	0.017090	-0.992065	-0.461045	-0.778922	0.002295
-0.108276	0.015869	-0.991333	-0.333939	-0.487326	-0.311731
-0.103882	0.019165	-0.998291	-0.333939	-0.277976	0.024725
-0.104614	0.016846	-0.994263	-0.431137	-0.547141	0.196692
-0.104614	0.017822	-0.991699	-0.580673	-0.606955	0.092017
-0.105835	0.015869	-0.995117	-0.326462	-0.846213	-0.042566
-0.105713	0.017456	-0.992554	-0.266648	-0.292929	-0.259393
-0.104126	0.015015	-0.992432	-0.917130	-0.950888	-0.035089
-0.105957	0.017334	-0.991821	-0.700302	-0.068625	0.069586
-0.105957	0.015015	-0.993164	-0.057297	-0.263022	0.361182
-0.104980	0.017334	-0.995361	-0.790024	-0.883597	-0.012659
-0.103394	0.016602	-0.993042	-0.790024	-0.509757	0.316321
-0.104370	0.015381	-0.995239	-0.707779	-0.621909	0.114447
-0.104248	0.016602	-0.990479	-0.087204	-0.554617	-0.132288
-0.105713	0.017212	-0.991821	-0.423661	-0.479849	0.256506
-0.104248	0.016113	-0.992798	-0.633011	-0.689200	0.219122
-0.106079	0.014893	-0.991699	-0.453568	-0.367697	0.099493
-0.105469	0.016113	-0.992432	-0.356369	-0.494803	-0.102380
-0.105103	0.015625	-0.996704	-0.498429	-0.838736	0.062109
-0.103638	0.016479	-0.991577	-0.318985	-0.562094	0.017248
-0.104004	0.016846	-0.992554	-0.505905	-0.248068	0.413519
-0.103149	0.015991	-0.992554	-0.558243	-0.726584	-0.042566
-0.103516	0.016602	-0.992065	-0.475998	-0.405081	-0.274347
-0.106689	0.017578	-0.993652	-0.535813	-0.517233	0.002295
-0.104248	0.017578	-0.992432	-0.475998	-0.360220	-0.162195
-0.105591	0.014526	-0.994995	-0.842362	-0.749014	0.129401
-0.103516	0.012451	-0.989990	-0.543289	-0.547141	0.166785
-0.101440	0.014526	-0.991699	-0.610581	-0.382651	-0.087427
-0.103516	0.016113	-0.988892	-0.393753	-0.173300	0.114447
-0.102417	0.015625	-0.991089	-0.102158	-0.390128	-0.319208
-0.107910	0.014404	-0.989746	-0.513382	-0.666770	-0.154718
-0.059326	-0.089111	-0.989014	7.965317	3.512765	-11.773676
-0.134644	0.174927	-0.930420	7.651291	6.241800	-27.063745
-0.110962	-0.098022	-0.998047	2.791366	0.484659	6.275336
-0.109863	0.043579	-0.997925	17.094497	-0.958365	5.064093
-0.111938	0.030396	-1.002319	-2.390061	1.090280	-1.081842
-0.125732	0.037598	-0.997559	-7.885514	-1.279868	-5.410913
-0.106567	0.077393	-0.950562	13.550491	-4.195822	8.211829
-0.026123	0.027344	-0.994629	-3.309708	-2.707938	0.331274
-0.167847	0.093384	-1.012329	4.010086	-32.129172	-21.029962
-0.179810	0.044189	-1.009277	-13.037033	-77.782553	-45.000604
-0.232544	0.027344	-0.896973	-15.952988	-61.430777	4.159399
-0.244873	0.039429	-0.925049	-0.393753	10.069925	-38.772424
-0.256226	0.013428	-0.961548	130.659714	39.483682	-23.325342
-0.477173	-0.133911	-0.878418	-31.474838	11.931650	-21.949609
-0.361572	0.026733	-0.940552	-104.134445	-21.467246	-10.756830
-0.432495	0.043457	-0.926880	23.502121	-3.747214	-4.580988
-0.410889	0.116455	-1.018555	83.413772	-9.272574	-1.665033
-0.391235	-0.208984	-0.967651	11.142959	-35.448874	13.587653
-0.502319	-0.256714	-1.078125	-1.545182	-20.846671	-49.120325
-0.471069	-0.068359	-1.073120	-48.080826	26.735727	-1.029504
-0.337036	-0.122192	-0.916138	5.243759	18.451425	-21.829981
-0.394287	-0.187988	-0.929565	-12.139817	15.169107	-25.628198
-0.413086	-0.114380	-1.041260	-6.577072	-3.560294	-9.037164
-0.345703	-0.126465	-0.832642	-11.960373	-8.562277	-37.890161
-0.348633	-0.289429	-0.915649	-30.061722	15.655099	-0.588373
-0.376709	0.067993	-1.103027	-15.504380	-1.945303	-26.727289
-0.322876	-0.114136	-0.958740	-21.022263	17.098123	-28.962854
-0.327637	-0.012085	-0.926514	-24.282151	15.236398	1.624762
-0.301514	0.165283	-1.136108	-21.411057	20.103799	-26.764673
-0.267700	0.033081	-0.987671	-1.739578	11.737253	-25.994562
-0.263672	0.031982	-1.018188	-28.857956	15.483133	1.946265
-0.251099	0.209351	-1.068848	-3.070450	13.479349	-19.452356
-0.208984	0.069946	-1.011108	-13.493119	26.548807	-4.394067
-0.179321	0.149170	-0.977783	-7.668686	42.616464	1.123816
-0.107788	0.015137	-0.899658	-6.457443	26.391794	-1.485590
-0.068115	0.128906	-1.020142	-5.074234	10.406381	-17.844843
-0.059082	0.175781	-0.921021	-16.296921	14.608346	0.974280
-0.028931	0.018799	-0.734375	-15.878220	-0.771445	-36.918176
-0.085938	0.397705	-1.066162	-16.162338	-0.891074	15.995184
-0.021484	0.075928	-0.773438	2.537155	-1.392020	-19.115900
-0.063110	0.184082	-0.879517	-6.494828	10.473672	1.923834
-0.046875	0.150879	-0.837769	3.195114	5.479166	-5.971674
-0.038696	0.109619	-0.987549	-2.442398	-11.971701	8.174445
-0.085693	0.188843	-1.025269	9.841995	-14.311942	-7.676386
-0.074097	-0.081665	-0.949463	-10.278092	7.953989	-5.627741
-0.076538	0.192261	-1.030640	-6.382675	-0.434988	-15.691522
-0.043213	0.064819	-0.879639	-5.246201	-0.509757	-24.289850
-0.085938	0.200073	-1.021851	-4.169541	5.464212	-15.676569
-0.096558	0.153931	-1.041382	4.600754	5.082895	-18.420557
-0.107910	0.187134	-1.031494	3.531570	-5.668753	-22.480463
-0.093384	0.177124	-0.880859	-3.451767	6.122171	-28.753503
-0.131958	0.169678	-1.023315	-6.405106	-1.952780	-20.147699
-0.122925	0.191162	-0.946777	-7.541580	6.824991	-20.222467
-0.135254	0.169434	-1.020996	3.195114	9.598886	-19.362634
-0.103149	0.199951	-0.936035	-3.205033	3.280984	-24.708551
-0.106445	0.249634	-0.951294	-3.137741	-1.377066	-21.082300
-0.125000	0.218872	-1.011963	7.269974	-1.780814	-16.753229
-0.144653	0.239746	-0.984009	-7.825699	1.651041	-21.807550
-0.152100	0.213257	-0.982300	1.460495	8.133432	-36.559290
-0.129761	0.171631	-0.987427	-2.113419	3.654825	-24.887994
-0.133057	0.316284	-1.021973	-2.427445	-4.487418	-11.766199
-0.116333	0.228882	-0.859009	1.213760	-9.952963	-18.046716
-0.120239	0.195679	-0.953613	0.742721	4.574472	10.499731
-0.138916	0.179199	-0.972168	4.892349	-4.233206	-5.762323
-0.119507	0.107788	-0.918823	-1.567612	2.525827	7.875372
-0.099121	0.183228	-0.792603	9.445724	-12.495078	-6.323084
-0.131714	0.061890	-0.830322	-8.251877	3.968851	18.402716
-0.158569	0.234375	-0.989990	31.218185	-23.127097	-8.042749
-0.113647	0.085815	-0.771118	13.528061	10.017587	1.116339
-0.247314	0.135254	-1.078735	-15.175400	-25.534628	1.976172
-0.256836	0.084106	-0.949219	-0.543289	-8.995932	7.673498
-0.275391	0.119873	-1.030396	-15.309983	-7.365988	-2.427667
-0.285767	0.218750	-1.027344	2.267990	-25.983237	7.150122
-0.312622	0.145264	-1.051147	-2.733994	-8.375357	0.652777
-0.318604	0.348389	-1.094360	19.001083	-23.747672	-4.528650
-0.304077	0.054321	-0.927368	2.439956	-21.983145	-0.932306
-0.303101	0.245483	-1.045166	1.774521	-5.257529	4.959418
-0.305908	0.226318	-1.064209	10.006485	-3.014487	-10.495142
-0.274048	0.082886	-0.923706	12.010269	-8.390311	-18.712152
-0.307861	-0.043823	-0.930054	-3.205033	-4.569663	21.258856
-0.380859	0.255981	-1.247681	4.967117	-44.166831	-10.599817
-0.385498	0.076172	-1.014771	-0.573197	5.882913	-2.599634
-0.387451	0.121094	-1.003174	-2.853623	14.324228	7.419287
-0.354004	0.124756	-0.901489	1.774521	0.514566	-0.894922
-0.355591	0.219482	-0.899658	-1.298447	3.131448	2.963110
-0.356201	0.129639	-0.932495	-5.881729	0.529520	0.884558
-0.379150	0.165771	-1.015381	8.092422	-9.736136	13.946539
-0.374756	0.243408	-0.964111	2.454910	-1.758383	7.023016
-0.359863	0.121216	-0.941284	3.778305	-3.889273	18.088690
-0.361694	0.146362	-0.948853	7.441940	3.542673	18.223273
-0.332520	0.091553	-0.927734	10.873794	15.490610	6.380011
-0.344727	0.112915	-1.012573	6.185837	-12.928732	22.529913
-0.340210	0.096313	-1.004028	6.036300	-0.337790	10.357672
-0.347046	0.080566	-0.960083	0.391311	7.744638	23.427130
-0.352051	0.193359	-0.968628	11.464462	5.396921	31.262823
-0.330811	0.122559	-1.028931	13.049545	-5.115469	21.296240
-0.320190	0.047363	-0.871826	4.570846	-13.878287	25.176703
-0.305542	-0.004028	-0.910400	-0.206833	7.079202	31.195532
-0.302368	0.063843	-1.002808	2.701645	7.976419	23.860785
-0.290283	0.044312	-1.018188	0.742721	0.940744	18.298041
-0.292358	0.088257	-1.010254	0.817489	3.699686	27.905737
-0.265503	0.052368	-0.858765	3.352127	-0.988272	21.311194
-0.281250	0.144775	-0.990601	5.998916	3.490335	24.174811
-0.271362	0.046875	-0.959961	10.529861	-1.952780	15.815741
-0.262939	0.045654	-0.961914	4.780197	4.731485	17.109228
-0.258911	0.058716	-0.976929	4.825058	3.744546	23.352362
-0.268555	0.080811	-1.021851	0.383835	-3.328513	23.135535
-0.245117	-0.001831	-1.019775	5.370865	4.058572	9.281012
-0.241089	0.068359	-0.996704	3.688583	-2.722891	15.875555
-0.240112	-0.018066	-0.985229	2.395096	-3.769644	9.774481
-0.243896	-0.025269	-0.984131	4.144668	-1.369589	6.178137
-0.219727	-0.128540	-0.911743	3.038101	4.193155	13.722235
-0.245361	0.050659	-1.021362	-4.468613	6.862375	5.176245
-0.240723	-0.003296	-1.011597	-5.171433	-4.651907	-2.607111
-0.248901	0.023926	-0.937988	-1.418076	-1.347159	-1.522974
-0.236694	0.036621	-0.939453	-0.662918	0.417367	-2.487482
-0.248169	0.109619	-0.962158	-0.505905	-1.160239	6.866003
-0.269531	0.114502	-0.991455	0.892257	-2.147177	-5.381006
-0.255127	-0.002075	-0.978882	1.198807	-3.343466	1.931311
-0.246704	0.048340	-0.958130	3.225021	1.052896	-2.853845
-0.243530	-0.027710	-0.915649	6.896133	2.114603	1.422888
-0.231079	0.103394	-0.968384	13.767318	22.354318	-3.137964
-0.224731	-0.035522	-0.979004	3.696060	-1.638754	6.551977
-0.225342	0.093140	-0.897339	2.582016	-6.573447	5.176245
-0.255737	0.093018	-1.042358	9.879379	-8.936118	-5.844568
-0.230225	-0.046875	-0.905029	5.064316	-6.050070	0.921942
-0.239624	0.010376	-1.026001	4.406357	-6.827658	2.649084
-0.256470	-0.093872	-0.983887	0.563278	-8.151053	6.522070
-0.283325	-0.006592	-1.054321	10.597152	-3.986472	3.209845
-0.263916	-0.122681	-0.882935	1.243667	13.434488	6.604315
-0.261719	0.006470	-0.994385	0.914688	-17.586783	-2.629541
-0.254395	-0.092285	-0.927856	-6.846237	-2.909811	7.120215
-0.296753	0.011841	-1.100830	2.387619	0.163156	-3.093103
-0.216675	-0.061035	-0.916382	-6.038742	5.845529	-9.934381
-0.278687	0.027954	-0.951538	-0.244217	9.038126	7.995001
-0.295654	-0.066772	-1.124146	-7.160263	-7.321127	0.854651
-0.247437	0.038696	-1.024292	-6.360245	33.128397	-0.708002
-0.312500	0.226318	-1.020996	3.763351	-18.932608	-13.418573
-0.235352	-0.216797	-1.029297	-6.502304	-5.579031	-1.410822
-0.281372	0.147217	-0.969849	-0.393753	3.116495	16.907355
-0.262695	-0.039062	-0.990112	12.137375	-2.162131	-4.932398
-0.259521	-0.049194	-0.925049	7.613907	-6.902426	-2.263178
-0.232666	-0.165894	-0.910645	-3.362046	-1.145285	6.484686
-0.291870	0.019287	-0.959717	-3.376999	6.922189	5.692145
-0.291626	-0.004639	-1.001465	2.125931	5.374490	-1.851953
-0.242432	-0.061523	-0.967896	-0.887223	0.365030	-0.633234
-0.249878	-0.017578	-0.953369	-4.535904	12.851297	-2.315515
-0.272705	-0.076904	-1.102295	4.249344	-0.808829	-10.091394
-0.254028	-0.164917	-0.963135	7.053146	-4.248160	3.471533
-0.286865	0.083252	-0.950562	-7.100449	9.449350	7.135168
-0.273682	-0.005737	-1.017334	7.000808	-9.661368	-16.476587
-0.287231	-0.044434	-0.924927	-0.094681	0.768777	-4.401544
-0.256714	-0.126099	-1.015381	-0.423661	2.593118	-6.457666
-0.302856	-0.038696	-1.009888	7.464370	-5.107993	0.226599
-0.279907	-0.126099	-0.968750	0.578232	-0.479849	-4.162286
