-0.111084	-0.992310	-0.005615	0.234742	0.127921	-0.068254
-0.111206	-0.992676	-0.003540	-0.041900	0.344748	0.141097
-0.111694	-0.991821	-0.004639	0.062775	0.277457	-0.120591
-0.110840	-0.990845	-0.003662	0.421662	0.269980	0.103713
-0.113037	-0.994263	-0.003662	0.047822	0.202689	-0.090684
-0.114746	-0.990845	-0.003296	0.055299	0.120444	0.021468
-0.111816	-0.993042	-0.002197	-0.206390	-0.186105	-0.232743
-0.114746	-0.992554	-0.004639	0.159974	0.075583	-0.128068
-0.112305	-0.994507	-0.002441	-0.116668	0.053153	-0.015916
-0.109985	-0.990356	-0.002563	-0.176482	0.382132	0.275679
-0.111938	-0.989746	-0.004761	-0.483032	-0.081430	0.088759
-0.112427	-0.991699	-0.003540	0.451569	0.165305	0.036422
-0.113037	-0.993408	-0.002441	-0.348449	-0.133768	-0.068254
-0.113281	-0.991821	-0.006470	-0.311065	0.008292	0.081283
-0.113281	-0.992065	0.000488	0.436616	0.060629	0.073806
-0.110474	-0.989258	0.000854	0.279603	0.314841	-0.030870
-0.113525	-0.992188	-0.003174	-0.385833	0.187735	-0.008439
-0.114502	-0.990845	-0.001099	-0.183959	-0.186105	-0.060777
-0.114014	-0.993652	-0.006836	-0.161529	0.187735	0.096236
-0.111328	-0.993408	-0.004639	-0.183959	0.180258	0.230819
-0.113159	-0.991699	-0.000488	0.062775	0.240073	0.088759
-0.112915	-0.993042	-0.001465	0.137543	0.038199	-0.060777
-0.115845	-0.991943	-0.005127	0.249696	-0.081430	0.148574
-0.111450	-0.991211	-0.002808	-0.393310	0.127921	-0.030870
-0.113403	-0.990112	-0.005493	-0.011993	-0.081430	-0.098161
-0.113525	-0.992554	-0.006592	0.002961	0.165305	-0.075730
-0.114136	-0.992065	-0.008179	-0.154052	-0.253397	-0.000962
-0.111572	-0.991577	-0.003052	0.182404	0.068106	-0.195359
-0.112183	-0.992188	-0.003174	0.055299	-0.298257	0.185958
-0.111694	-0.993530	-0.002075	-0.512939	-0.216012	-0.008439
-0.112549	-0.989502	-0.006470	-0.026946	0.023245	-0.202836
-0.112915	-0.994507	-0.001587	0.623536	-0.776773	0.133620
-0.111328	-0.991699	-0.003174	0.324464	-0.103860	-0.060777
-0.113159	-0.991211	-0.000366	-0.258727	-0.103860	-0.150498
-0.111206	-0.994507	0.000244	0.264649	0.127921	0.529891
-0.111206	-0.992432	0.000732	-0.071807	0.112967	0.305587
-0.108887	-0.990601	-0.000732	-0.041900	-0.687051	0.148574
-0.110474	-0.991821	-0.000244	0.287080	-1.487070	0.253249
-0.112793	-0.994507	-0.005615	-0.640044	-0.088907	-0.135545
-0.114624	-0.992310	-0.010986	0.444093	-0.597330	0.171004
-0.112183	-0.989868	0.000122	0.100159	-0.485178	0.268203
-0.109253	-0.991699	-0.002075	0.107636	-0.081430	0.073806
-0.109253	-0.993042	-0.002319	-0.595184	0.105490	-0.090684
-0.110840	-0.992188	-0.001099	-0.258727	-0.208536	-0.247697
-0.106079	-0.992310	0.002686	-6.838317	2.946677	-1.892594
-0.107910	-0.991699	-0.012329	6.702180	-0.485178	1.531783
-0.109497	-0.991577	-0.004150	0.242219	-0.081430	-0.210313
-0.113892	-0.991943	-0.023438	0.780549	-6.003061	0.417739
-0.106689	-0.985107	0.029053	4.563813	-7.184396	0.335494
-0.119019	-0.993530	-0.020142	6.388154	-12.881723	0.081283
-0.051880	-0.993774	-0.018433	-6.247649	-3.146921	-0.195359
-0.109619	-1.017822	-0.144409	7.427430	2.258811	0.021468
-0.190918	-1.010376	0.079956	11.517243	27.792105	-1.750535
-0.128174	-1.010254	0.067993	-6.756072	0.083060	-1.249589
-0.105713	-0.996216	0.059326	10.889191	-7.318979	1.442061
-0.106934	-0.974731	0.041138	9.984498	-2.541299	0.402785
-0.121826	-0.998779	0.132690	1.027283	16.674094	-1.062669
-0.122559	-0.970337	-0.028198	5.087189	2.939200	0.372878
-0.151367	-0.965576	0.072632	1.976838	-7.416177	0.440169
-0.112427	-0.979248	0.092896	-0.041900	5.406546	-0.501908
-0.118530	-0.987427	0.236206	34.874787	21.429343	-3.088883
-0.101074	-1.026855	0.115234	13.932252	-36.725259	1.771041
-0.100586	-0.988892	0.058228	0.331940	6.543021	-1.219682
-0.111816	-0.994507	0.063354	5.760102	1.840109	0.447646
-0.114258	-0.992798	0.047729	4.982514	1.959738	0.507460
-0.129761	-0.982910	0.055420	-5.978484	14.288992	-1.331834
-0.109619	-0.985229	-0.009277	1.356263	-13.606973	0.574752
-0.073853	-0.983032	0.105591	-2.800842	2.131705	-2.057084
-0.069458	-0.932861	-0.006958	-5.746703	3.642020	0.522414
-0.092407	-0.998413	0.020386	1.475892	10.767416	-1.115007
-0.100708	-0.985840	0.129395	-0.894256	-3.797403	0.873824
-0.100952	-0.978149	0.057739	2.567506	-4.507699	1.576644
-0.105347	-1.017578	0.130981	3.083405	-14.347177	-0.270127
-0.117920	-0.995728	0.138306	-1.238189	6.214041	-0.546769
-0.098633	-1.000000	-0.045776	0.877747	-7.700296	-0.434617
-0.138062	-0.982666	0.136475	2.859101	-0.604806	-0.135545
-0.066284	-0.998291	0.051636	3.412385	8.060812	-0.187883
-0.122803	-0.999390	0.083740	0.197358	-6.832986	-0.606584
-0.118164	-0.976807	0.043335	-3.182159	-9.113412	-0.053300
-0.119385	-0.990723	0.133667	-5.006500	-4.246011	0.477553
-0.250977	-0.989746	0.021118	-2.920470	2.423300	-0.584153
-0.130005	-0.995728	0.025391	-1.440063	8.397269	-0.434617
-0.109985	-1.010132	0.061768	2.806763	-5.434824	-0.300035
-0.121826	-1.022583	0.018921	-0.124145	-0.515085	-0.808457
-0.112305	-0.864868	-0.020020	15.150971	0.561575	-2.266435
-0.106934	-0.971802	0.087280	4.526429	-13.502298	1.748610
-0.079712	-0.938477	0.087158	3.038544	-2.115121	0.313064
-0.086914	-1.022095	0.124634	3.060975	1.660666	0.522414
-0.088501	-0.987305	0.033691	2.380585	0.404562	0.933638
-0.135254	-0.995117	0.101685	1.475892	2.595267	-0.165452
-0.163086	-1.014038	0.200073	-2.060638	-3.318887	1.142989
-0.138672	-0.982300	0.082520	2.604890	0.322318	-0.673875
-0.091187	-0.971191	0.077759	-0.587707	0.090537	0.200911
-0.138062	-1.027832	0.136353	3.621735	-1.935678	0.088759
-0.142700	-0.983276	0.112183	1.707673	2.356009	-1.541185
-0.070190	-0.953247	0.109741	0.810456	0.344748	-0.232743
-0.104126	-0.985229	0.046875	-1.514831	1.413931	0.006514
-0.135376	-0.967407	0.025635	-3.055053	1.234488	0.021468
-0.149780	-0.961548	0.070435	-2.860656	-1.457162	0.739242
-0.125854	-0.976685	0.127563	2.874055	-1.098276	-0.726213
-0.097290	-0.984863	0.129028	3.913331	3.604636	-1.653337
-0.151367	-1.023071	0.095093	-1.103606	1.376547	0.754195
-0.119263	-0.976929	0.066406	-3.727966	-2.825418	0.470076
-0.119629	-0.970459	0.101074	-6.060729	-3.049722	1.300002
-0.119751	-0.988525	0.099609	-8.543029	10.610404	-0.285081
-0.138672	-0.887573	0.051270	-0.041900	0.434470	-0.569200
-0.115845	-0.974854	0.066528	0.982423	-5.135751	0.305587
-0.088135	-0.976196	0.143433	9.692902	1.862540	-0.614060
-0.096436	-0.946167	0.084595	4.302125	6.939291	-2.266435
-0.110229	-1.000000	0.121704	0.511384	-0.582376	-1.100053
-0.106689	-0.979248	0.192993	0.107636	-8.410593	-0.068254
-0.118042	-0.964600	0.025635	1.079621	11.485190	-1.391648
-0.114990	-1.001343	0.160400	0.025391	6.012167	-0.494432
-0.104004	-1.030396	0.196533	2.246003	-0.305734	-0.412187
-0.114258	-1.003418	0.079956	6.507783	-1.412302	-0.075730
-0.100708	-0.900513	0.016846	5.064759	-1.778665	-0.516862
-0.105347	-1.034302	0.114258	-12.445922	3.552298	-0.277604
-0.112793	-0.912354	0.099609	2.126374	-11.326547	2.062636
-0.125366	-0.957642	0.131592	-2.830749	5.720572	-0.479478
-0.093628	-0.945068	0.060181	9.334016	20.891013	-3.619737
-0.104370	-0.991821	0.099121	0.444093	4.673819	-1.272019
-0.114746	-0.977295	0.087280	7.547059	-2.361856	-0.374803
-0.099731	-0.960815	0.087402	1.012330	2.655081	-0.053300
-0.123291	-0.987061	0.164673	-1.058746	4.733634	-1.675767
-0.105957	-0.981079	0.242798	0.743165	6.109366	-0.651445
-0.104736	-0.952271	0.138672	0.773072	0.688681	0.350448
-0.115845	-0.959473	0.128784	1.558137	-0.156198	0.806533
-0.122681	-0.982666	0.073120	4.646058	-6.436716	0.529891
-0.111572	-0.958130	0.099731	9.842438	-5.300241	1.105605
-0.092896	-0.941528	0.121582	-1.335387	-5.375009	1.397200
-0.112427	-0.967041	0.178589	2.724519	0.075583	1.142989
-0.107666	-0.973755	0.153931	-3.421417	10.378623	-2.744950
-0.108887	-0.977539	0.135620	-3.892455	0.591483	0.238295
-0.108887	-0.972656	0.019409	-36.558624	0.195212	2.294417
-0.117432	-0.989868	0.085938	5.565705	-0.066476	0.694381
-0.105225	-0.984863	0.089233	-6.748595	1.025137	0.171004
-0.109741	-0.985962	0.081665	-4.610229	1.466269	0.118667
-0.107910	-0.979980	0.092285	-5.896240	1.989645	0.357924
-0.110962	-0.988647	0.065063	-5.499969	-0.156198	0.043898
-0.112061	-0.989502	0.060425	-2.561584	0.755972	0.215865
-0.114990	-0.988281	0.062134	-2.464385	0.853171	-0.008439
-0.112183	-0.994385	0.036621	-7.062621	1.189627	-0.060777
-0.112183	-0.990601	0.047729	0.025391	-1.449686	0.126143
-0.110596	-0.986206	0.042969	-0.064330	-0.552469	-0.427140
-0.113037	-0.983032	0.056152	-1.499877	-6.167551	0.664473
-0.114136	-0.991089	0.053711	-16.348815	-0.141244	-0.030870
-0.087646	-0.947021	-0.067627	-11.331878	-18.018289	-1.167344
-0.116211	-0.997192	-0.131592	8.571381	5.384116	-1.107530
-0.112305	-0.991333	0.007080	-9.417815	1.339163	-0.038346
-0.110962	-0.994019	-0.008057	0.130067	-0.118814	-0.090684
-0.123047	-0.992188	0.024658	2.350678	-16.650033	0.245772
-0.110352	-0.992432	-0.019409	29.454102	4.427084	-0.853318
-0.126709	-0.956665	0.084473	-38.031554	-51.962991	5.075789
-0.128784	-0.983765	-0.031494	-2.180267	-28.553110	1.449538
-0.127075	-0.997192	-0.059692	15.464997	-19.730478	1.621505
-0.121216	-0.988892	0.031372	26.164307	-4.732004	0.948592
-0.138550	-0.973022	-0.001587	1.946931	-57.809854	4.971114
-0.116211	-0.982300	0.066284	-13.096404	-13.270517	1.539260
-0.131470	-0.982300	-0.003784	4.346986	-47.028299	3.490706
-0.102173	-0.996338	0.079224	-7.443938	-44.979654	4.343062
-0.127930	-0.966309	0.026855	-15.608611	-52.942453	3.670150
-0.109497	-0.999634	0.022827	9.393830	-19.042612	-0.748643
-0.108887	-0.987793	0.065796	13.610749	-25.098825	1.741134
-0.098755	-1.036987	0.035156	7.397523	-47.110544	5.202895
-0.108765	-1.002808	0.062378	0.279603	-71.589609	6.713210
-0.117065	-0.956177	0.108154	11.749024	-51.521860	4.933730
-0.113770	-0.983643	0.108398	6.074128	-16.679941	0.791579
-0.122681	-0.979004	0.103394	1.505799	-9.524637	0.926162
-0.133423	-0.977661	-0.006104	-16.737609	-34.878488	5.143081
-0.109375	-0.940552	0.033936	-24.917236	-88.861032	7.834731
-0.123901	-0.973999	0.045898	1.617951	-65.585733	5.629073
-0.088867	-0.988892	0.097412	23.053956	-44.127298	3.587905
-0.120117	-0.999878	0.017456	2.432923	-34.616800	4.036513
-0.146729	-0.939941	0.104858	-43.048492	-43.521677	3.296309
-0.145264	-0.993164	-0.033691	-2.210174	-31.005502	1.636458
-0.113892	-0.993530	0.010376	16.780915	-16.732278	0.223342
-0.091187	-0.996460	0.129028	20.085664	-41.734720	2.974807
-0.281250	-0.947266	-0.003662	25.237183	-53.166757	5.172988
-0.122803	-0.972412	0.040527	2.275910	-52.979837	5.367385
-0.111206	-0.972290	0.134521	-13.253417	-105.930582	9.210463
-0.115479	-0.991821	0.077393	10.051789	-9.898477	0.851394
-0.095337	-0.978271	0.104614	17.618317	-20.470682	2.204696
-0.088379	-0.991211	0.105469	23.809113	-4.500223	-0.584153
-0.071533	-1.000366	0.077393	-4.856963	0.090537	0.103713
-0.142334	-0.984253	0.072998	0.974946	-14.691110	0.604659
-0.353760	-0.910400	-0.265259	-60.267577	32.868857	-0.778550
-0.011475	-0.978394	0.102783	-30.756622	33.093161	-1.391648
-0.122314	-1.003174	0.062744	15.532288	-0.702005	-0.561723
-0.159180	-0.989502	0.085083	7.352662	-1.786142	0.776626
-0.099976	-0.982666	0.075806	-17.485290	-0.133768	0.716811
-0.127808	-1.004883	-0.039307	-9.343047	-4.717050	0.357924
-0.129883	-0.982178	0.038452	-5.993438	-28.867136	0.926162
-0.124634	-0.994385	-0.001831	-1.836334	2.228903	2.518721
-0.126343	-0.990356	0.005737	3.606782	0.651297	-4.053392
-0.125732	-0.991455	0.005981	4.907746	0.255026	-0.733689
-0.126465	-0.991455	-0.001709	-0.744720	3.447623	0.200911
-0.129517	-0.991943	0.006104	-0.408263	0.150351	0.245772
-0.127197	-0.991699	0.006836	0.421662	-0.006662	0.178481
-0.126221	-0.989868	0.010376	0.870270	0.008292	0.021468
-0.125977	-0.986816	0.026611	0.384278	0.389609	-0.120591
-0.120850	-0.990479	0.018311	-0.969024	3.387808	-0.307511
-0.125610	-0.992676	0.001831	-0.460601	0.733542	-0.143022
-0.125366	-0.990234	0.005615	-0.026946	-0.133768	-0.434617
-0.122070	-0.990723	0.003052	-1.484924	-0.216012	-0.741166
-0.120850	-0.990967	0.007812	0.197358	0.202689	-0.591630
-0.122803	-0.993408	0.009521	0.817933	0.187735	-0.217790
-0.126221	-0.991089	0.007812	-0.311065	-0.163675	-0.038346
-0.128418	-0.989746	0.006226	0.339417	0.232596	-0.217790
-0.126953	-0.992188	0.002930	-0.026946	0.965323	0.298110
-0.127563	-0.991943	0.004761	0.010438	-0.059000	-0.045823
-0.127197	-0.990967	0.004395	-0.303588	0.853171	0.126143
-0.125366	-0.991455	0.002930	-0.079284	0.053153	-0.165452
-0.125732	-0.992188	0.004883	0.159974	0.127921	-0.000962
-0.126099	-0.990112	0.006836	0.294556	0.157828	0.021468
-0.124390	-0.988281	0.002563	0.339417	0.015769	-0.180406
-0.125488	-0.991821	-0.001099	-0.430694	-0.223489	-0.255174
-0.125610	-0.990723	0.008057	0.563721	0.329794	-0.008439
-0.134766	-0.999878	-0.023071	13.289246	0.299887	-0.733689
-0.073120	-1.013306	0.027100	-3.593383	7.619681	-0.561723
-0.118530	-1.036743	0.439209	22.052064	17.137656	-0.748643
-0.122925	-0.987061	0.049438	-6.292510	-2.750650	-1.488847
-0.127075	-0.989136	0.033691	-1.716705	4.307456	8.193618
-0.103516	-1.060425	-0.076172	-18.532043	-3.917032	-6.789903
-0.126709	-1.012817	-0.116943	3.472199	10.879569	-4.367417
-0.118896	-1.021729	-0.014893	-8.371063	11.432852	-0.741166
-0.105103	-1.047363	0.033081	-3.413940	4.247641	4.066420
-0.103516	-1.000244	0.042969	-1.163421	10.430960	0.342971
-0.130493	-0.967163	-0.004517	2.806763	2.505545	3.946792
-0.157349	-1.016479	-0.019897	0.242219	3.559775	1.389724
-0.128540	-0.981079	-0.000610	2.148804	5.526175	-1.900071
-0.154419	-1.008789	0.002441	-4.094329	7.335562	-5.795488
-0.101929	-1.022705	0.061157	-0.348449	7.470145	0.245772
-0.137573	-0.989258	0.027832	-3.376556	-1.345010	-0.382279
-0.112915	-1.026611	0.114014	1.012330	-3.550668	1.382247
-0.125977	-0.981812	-0.063599	3.038544	0.135397	0.724288
-0.124878	-0.988770	-0.005615	-0.654998	1.757864	1.561690
-0.095215	-1.019409	0.038086	-1.664367	7.739310	-3.799180
-0.161133	-0.976196	0.054932	1.707673	-4.305826	-2.901963
-0.108643	-0.977173	-0.047729	1.356263	4.329886	-0.621537
-0.145020	-0.963623	0.020142	-1.447540	-11.640573	2.526198
-0.136475	-0.995117	-0.012573	4.234833	-0.507608	2.952376
-0.149170	-0.984863	-0.039917	-2.023254	-1.232858	4.253341
-0.137451	-0.997681	-0.101196	-5.335479	1.212058	-0.733689
-0.134033	-0.978271	0.026367	1.931977	2.632651	-4.374894
-0.108032	-1.024536	-0.142578	-8.789764	10.229086	3.901931
-0.161743	-0.950684	-0.016968	-2.344756	4.382224	3.169204
-0.133179	-0.989746	0.007202	0.436616	1.047568	2.847701
-0.153076	-0.954834	0.004517	-2.180267	7.903800	2.182265
-0.132202	-0.992065	-0.106079	-4.737334	2.303671	0.926162
-0.138550	-0.984253	0.002686	-11.683288	-2.735696	6.227218
-0.150513	-1.005005	0.075195	-2.920470	1.555991	4.537459
-0.125366	-0.944214	-0.134644	-8.984161	-1.479593	-0.763597
-0.140869	-0.990356	0.135010	16.130433	-1.561838	-6.042222
-0.134888	-0.989258	-0.030151	2.761903	-2.720743	-3.971147
-0.134399	-0.993042	-0.004517	6.747041	-1.913248	-0.075730
-0.147339	-0.987793	0.016846	-2.427001	-17.195840	-8.905839
-0.109253	-0.988892	-0.040039	2.791810	9.750571	-9.227342
-0.152100	-0.983276	-0.029053	-5.956054	-24.313760	0.776626
-0.127441	-0.991089	0.008179	0.316987	-4.769388	0.372878
-0.125366	-1.008179	0.028442	-7.922454	17.788138	-3.746842
-0.129395	-0.991821	0.047241	9.939637	1.279349	2.324325
-0.133667	-0.982056	-0.047241	-17.507720	-0.477701	1.135512
-0.130371	-0.993774	0.008179	11.345277	0.075583	2.683211
-0.124756	-0.994263	-0.003662	2.238526	0.935416	0.148574
-0.127686	-0.991943	-0.006592	-0.520416	0.284934	-0.015916
-0.128662	-0.990479	0.000122	0.227265	-0.313211	-0.060777
-0.131104	-0.993896	-0.003662	-1.926055	0.120444	0.417739
-0.136230	-0.992310	0.004761	3.195557	0.471854	1.457015
-0.132446	-0.991577	0.002808	-0.034423	0.165305	0.656997
-0.136719	-0.994507	0.026123	2.021699	0.269980	0.888778
-0.133179	-0.991089	0.000000	-0.886779	0.098013	0.507460
-0.130615	-0.990234	-0.004639	-0.258727	0.382132	0.993453
-0.132080	-0.993652	0.013794	-6.217742	1.032614	0.888778
-0.128662	-0.991333	-0.014282	1.999268	0.262503	1.202804
-0.127808	-0.991333	-0.004517	-0.026946	1.458792	0.971023
-0.133423	-0.990479	-0.004761	0.451569	-0.328165	0.066329
-0.129517	-0.991943	-0.000122	1.453461	0.157828	0.432692
-0.126099	-0.990845	-0.001709	0.145020	-0.036569	-0.113114
-0.127563	-0.991821	-0.000366	0.474000	-0.350595	-0.217790
-0.128052	-0.990845	0.001831	-0.453124	-0.133768	-0.606584
-0.123169	-0.994751	-0.000610	-2.509246	-0.926309	2.137404
-0.114380	-0.997559	-0.052856	1.528229	30.229544	-3.559922
-0.127441	-0.993408	0.003418	-0.976501	0.726065	0.470076
-0.127319	-0.991577	-0.001709	-0.871825	-0.171152	-0.232743
-0.125488	-0.992065	0.003052	0.189881	-0.268350	-0.860795
-0.126221	-0.992676	-0.001831	0.324464	0.127921	-0.718736
-0.125488	-0.990479	-0.003662	-0.221343	-0.447793	-0.673875
-0.128052	-0.990479	-0.005737	0.017915	-0.193582	-0.516862
-0.120850	-0.986816	0.050537	0.668397	-2.705789	-0.210313
-0.123291	-0.991333	0.005615	-0.183959	0.225119	-0.696305
-0.126465	-0.989990	-0.003418	-0.453124	0.083060	-0.262651
-0.125732	-0.991821	0.000610	0.302033	0.554099	-0.696305
-0.125000	-0.990479	-0.002930	-0.355926	11.716971	-1.197251
-0.126221	-0.992432	-0.000732	-0.385833	0.905509	-0.815934
-0.123291	-0.991333	-0.005005	0.459046	-0.171152	-1.219682
-0.126831	-0.994507	0.001831	-0.026946	-0.477701	-0.928086
-0.124390	-0.992310	0.000854	0.032868	-0.305734	-1.129960
-0.125122	-0.991699	-0.003418	0.145020	0.000815	-1.032762
-0.124512	-0.993530	0.000244	-0.281158	-0.216012	-0.980424
-0.127075	-0.993164	-0.000854	-1.245666	0.486807	-0.771073
-0.125977	-0.993042	0.002686	0.698304	-0.201059	-1.017808
-0.125732	-0.992432	0.003784	0.174927	-0.500131	-1.122483
-0.126099	-0.994019	0.000488	-0.632568	-0.103860	-1.002854
-0.121460	-0.991699	-0.005493	-0.019469	-0.193582	-1.204728
-0.122314	-0.990234	-0.035034	1.102051	5.578513	-1.129960
-0.120239	-0.993164	0.008179	4.847932	-0.702005	-1.630906
-0.128784	-0.994141	-0.011353	-0.004516	-1.173044	-1.294450
-0.111450	-1.005005	0.018677	-0.228820	-23.222147	1.172896
-0.149658	-0.955688	0.009033	-1.492400	-45.181528	-5.302018
-0.108643	-1.020020	-0.019531	0.174927	-72.576547	4.103804
-0.126343	-1.004028	0.000488	14.335999	-63.619333	-0.457048
-0.067383	-1.001465	0.480835	-69.150024	38.259634	1.053267
-0.086060	-1.015259	0.149658	3.031068	-59.910837	-1.369218
-0.105835	-0.969116	0.043091	0.459046	-107.425943	3.131820
-0.137573	-0.969849	-0.062256	-6.299987	-98.408914	13.023635
-0.113892	-1.038696	0.082397	-2.569061	-90.438638	0.096236
-0.119507	-1.007690	0.007202	50.860200	-59.836069	-1.810350
0.226318	-0.897217	0.004272	-23.803191	-25.270792	4.664565
-0.044434	-0.972168	0.055542	11.218171	-56.314493	4.298201
-0.064209	-0.971680	0.028442	-27.855621	-96.816354	31.581069
-0.149902	-0.991943	-0.018188	2.231049	-77.436471	18.167678
-0.214966	-0.946655	0.056763	0.085206	-94.655557	1.823378
-0.152100	-0.994629	-0.010986	4.249787	-63.686624	2.234603
-0.137817	-0.979492	0.139771	14.679932	-86.819864	-14.386338
-0.073486	-1.063721	0.083618	69.103608	-18.519235	-15.881700
-0.116333	-0.971191	0.142090	-44.857879	-18.085580	6.189834
-0.107178	-1.054810	-0.025146	-46.076598	13.870291	2.137404
-0.119141	-0.985107	0.075928	-6.255126	6.356101	1.427108
-0.119995	-0.996338	0.014771	-0.535369	-2.369333	-3.402909
-0.119629	-0.989990	0.014771	-0.176482	0.299887	0.171004
-0.120483	-0.995239	0.004395	-1.395202	-1.576791	0.746718
-0.123535	-0.997681	-0.016968	20.825867	-11.206918	-0.965470
-0.115845	-0.990723	0.046265	-3.630767	0.419516	0.462600
-0.120605	-0.987305	0.030884	-30.001464	-11.304117	3.296309
-0.124268	-0.992554	-0.003540	11.023774	4.501853	-0.023393
-0.118042	-0.986084	0.048828	24.646516	-5.128274	1.053267
-0.116211	-1.012939	0.142334	-10.546813	2.961630	1.756087
-0.122437	-0.993774	0.028687	-9.739318	1.937308	-0.756120
-0.127563	-0.992676	-0.011841	-2.636352	7.686972	-0.060777
-0.118774	-0.992920	0.018433	-1.185851	7.761740	0.096236
-0.125244	-0.989502	0.010742	0.795502	-0.313211	-0.120591
-0.123047	-0.990601	0.014038	-0.296111	-0.051523	-0.165452
-0.120239	-0.989990	0.011353	0.130067	-0.313211	0.208388
-0.122803	-0.991943	0.010376	-0.273681	3.283133	0.447646
-0.118896	-0.989868	0.013672	0.010438	4.292502	0.163527
-0.121094	-0.990356	0.009155	-0.086761	1.376547	0.417739
-0.119629	-0.990112	0.015259	-0.640044	2.632651	0.021468
-0.125244	-0.993530	-0.004272	1.244111	1.219534	0.058852
-0.086670	-1.039307	-0.182739	-7.832732	1.040091	17.644301
-0.147461	-0.972656	-0.098022	10.814423	0.935416	-1.944932
-0.172241	-0.979614	0.079712	-1.238189	4.255118	-13.339585
-0.137573	-0.980347	0.040649	3.285279	2.729849	-0.539292
-0.114868	-0.994751	0.045288	18.612733	-7.969461	1.329909
-0.133545	-1.017212	-0.035156	-23.683563	13.212332	12.612410
-0.146973	-1.028320	-0.069092	-4.684997	-6.818033	-0.531816
-0.135864	-0.960205	0.017700	0.376801	-11.558328	-3.402909
-0.146729	-0.972412	0.102173	-0.169006	11.245932	-4.225358
-0.116333	-1.005371	-0.102417	-1.888671	-4.881540	1.285048
-0.102905	-0.979370	-0.022949	8.661103	-2.122598	-3.642167
-0.035156	-0.861206	-0.304443	14.021973	-14.092966	1.965438
-0.129639	-0.973022	0.048340	-0.961547	-5.472208	0.380355
-0.108032	-1.014404	-0.246216	23.779206	-22.833353	0.028945
-0.124878	-0.990967	0.075928	-1.290527	20.614371	0.447646
-0.136841	-0.985107	0.008301	26.852174	52.562766	-8.060960
-0.118896	-0.986450	0.029785	9.229340	15.343222	-1.032762
-0.122314	-0.991333	0.010986	-1.021362	0.606436	-0.105638
-0.125244	-0.991699	0.049683	0.810456	-1.816049	0.200911
-0.121704	-0.991577	0.011108	-0.647521	-0.036569	0.567275
-0.128540	-0.989868	0.034546	2.186188	-0.926309	0.993453
-0.125977	-0.963501	0.116211	26.829743	-5.666605	1.142989
-0.129395	-0.977173	0.090332	-27.863097	0.830740	1.808425
-0.132812	-1.004272	-0.012695	2.081513	-0.298257	1.142989
-0.127319	-0.983154	0.058838	3.943238	-0.746866	1.329909
-0.125977	-0.982056	0.043701	-10.270171	-0.530038	1.531783
-0.072632	-0.946289	-0.138184	56.303315	-18.257547	1.053267
-0.436890	-0.878906	1.506714	-150.654693	158.142752	1.240188
-0.128052	-0.989258	-0.005981	0.055299	9.309439	0.425216
-0.118652	-0.995728	-0.165527	-4.184051	-10.212503	0.866347
-0.126587	-0.989014	-0.036011	-3.017669	-9.861093	0.507460
-0.128296	-0.998169	-0.239136	-16.737609	2.056937	-1.451463
-0.144043	-1.040161	-0.253296	-21.649871	-4.627328	-2.617845
-0.050903	-1.000244	0.019287	22.822175	12.322592	4.492598
-0.132446	-0.985596	-0.107544	11.076112	4.135489	2.623397
-0.119141	-0.992676	0.088379	7.255463	5.787863	3.692580
-0.129028	-0.998535	0.024170	-0.161529	0.658774	0.111190
-0.124878	-0.997314	-0.001221	2.440400	-16.201425	1.374770
-0.126221	-1.030029	-0.094971	-36.543670	1.735434	-5.010423
-0.126709	-0.986084	-0.087646	23.083863	5.810294	4.305678
-0.143677	-1.005493	-0.051636	8.862977	5.541129	1.681319
-0.152222	-0.986450	0.062134	15.980897	-7.558237	4.073897
-0.128662	-0.988647	0.052612	1.655335	-6.339517	1.210280
-0.121948	-0.986694	-0.080200	-1.634460	6.528067	-0.322465
-0.109253	-0.986572	0.041138	1.647858	7.335562	0.656997
-0.129272	-0.991211	-0.041260	-2.972808	-6.713357	1.225234
-0.144775	-0.992798	-0.100464	-6.389709	-4.470315	0.380355
-0.094238	-1.000732	0.073242	-4.116760	2.729849	1.053267
-0.143433	-0.966187	-0.025024	0.316987	-0.986124	0.985976
-0.132202	-1.014160	0.043457	0.810456	-2.481485	1.150466
-0.130005	-1.009155	0.031982	1.049714	0.696158	1.150466
-0.115967	-0.968506	-0.063110	-2.038207	-6.855417	1.060744
-0.108032	-1.011230	-0.012451	1.954407	3.993430	0.088759
-0.120605	-1.010254	0.027466	-1.298003	5.757956	0.701857
-0.106812	-0.997559	-0.026001	1.632905	-3.333841	0.948592
-0.135010	-0.945435	0.057129	1.834779	-0.328165	0.985976
-0.107300	-0.960083	0.063477	1.715150	6.984152	5.524398
-0.129883	-0.987793	-0.059204	-2.688689	2.116751	-1.743058
-0.126587	-0.971558	0.052979	-0.625091	-1.210428	1.449538
-0.114746	-1.003174	-0.011230	1.199250	0.068106	1.098128
-0.109131	-0.989258	-0.051758	-0.049377	-1.943155	4.776717
-0.124634	-0.979248	0.025024	1.939454	5.900015	3.079482
-0.130371	-1.010742	-0.003784	2.597413	-7.206827	6.675826
-0.119995	-1.013550	0.007080	1.102051	-0.081430	3.318740
-0.136841	-0.971680	-0.076660	3.270325	4.494376	-0.658921
-0.135254	-1.043091	-0.022217	-4.363494	10.004782	-3.335618
-0.139648	-1.003784	0.061035	-0.408263	-8.762002	2.668258
-0.143188	-0.983765	0.016479	5.872254	-10.077920	0.103713
-0.113159	-1.002441	-0.023071	-4.655090	3.148551	-3.081407
-0.124634	-0.987671	-0.003906	0.832886	3.058829	-1.518754
-0.135498	-0.993164	0.005859	0.967469	1.772818	-0.726213
-0.119629	-1.030884	0.093628	-19.967590	26.072440	-0.270127
-0.133545	-0.979858	0.007812	1.872163	1.294302	0.754195
-0.142944	-0.953491	-0.034058	0.788026	0.232596	-0.068254
-0.116089	-1.030640	-0.046875	2.941346	-4.335733	0.866347
-0.127075	-0.963989	-0.018799	0.302033	-3.303934	2.137404
-0.126709	-0.979126	0.015747	-2.038207	-3.872171	-0.718736
-0.118286	-1.023193	0.069336	1.528229	-1.225381	1.404677
-0.125977	-0.996216	-0.037720	1.318879	2.595267	-0.300035
-0.118652	-0.990601	0.021240	-0.871825	4.830832	-0.561723
-0.118896	-0.992310	-0.021118	-1.058746	10.416007	0.215865
-0.120117	-0.993286	-0.043945	-0.983978	6.221518	-0.247697
-0.106201	-0.993164	-0.061768	0.137543	1.944785	-0.359849
-0.131836	-0.993286	0.083374	0.653443	6.176657	0.200911
-0.127197	-0.988281	0.059082	1.281495	-2.302042	-0.270127
-0.127441	-0.999023	0.017334	0.204835	-1.427255	-0.045823
-0.120239	-0.993042	0.005493	1.550660	-2.055307	-0.262651
-0.124756	-0.981201	-0.035156	-1.395202	-1.629129	1.352340
-0.125000	-0.987671	0.021240	2.567506	-6.010538	-0.128068
-0.120117	-0.988159	-0.032227	1.655335	3.567252	-0.920610
-0.110474	-1.004028	-0.161987	2.627320	-1.875864	-0.255174
-0.117920	-0.981445	-0.007324	-3.802734	5.114951	-0.098161
-0.119263	-0.991577	0.000122	0.182404	-1.823526	-0.038346
-0.121216	-0.993286	0.008911	0.698304	0.344748	-0.202836
-0.120850	-0.993530	-0.011719	-0.595184	2.527976	-0.150498
-0.122192	-0.990723	0.022095	0.601105	-1.075845	-0.404710
-0.120728	-0.992432	0.011353	-0.797057	0.038199	-0.703782
-0.117310	-0.992188	0.000854	-0.692382	0.359702	-0.516862
-0.117798	-0.992310	0.003662	0.735688	-0.238443	-0.329942
-0.119385	-0.994385	0.015137	1.617951	-0.754343	-0.920610
-0.118652	-0.993042	0.008789	-0.408263	-0.148721	-0.726213
-0.119507	-0.993042	0.010986	0.047822	-0.118814	-0.629014
-0.120361	-0.992310	0.010986	0.010438	-0.260873	-0.516862
-0.116211	-0.994019	0.008911	-1.103606	-0.126291	-0.763597
-0.119507	-0.990845	0.005859	0.675874	-1.457162	-0.075730
-0.118774	-0.990479	0.014404	-0.826965	-0.589853	-0.285081
-0.117554	-0.992065	0.009155	-0.617614	-0.926309	-0.464524
-0.119751	-0.993408	0.008301	-0.236297	-0.679574	-0.412187
-0.120728	-0.989990	0.009277	0.055299	-0.036569	-0.240220
-0.116821	-0.991211	0.010498	0.548768	-0.096384	-0.404710
-0.118042	-0.992432	0.006104	-0.468078	-0.223489	-0.255174
-0.117676	-0.992676	0.010498	0.197358	-0.358072	-0.524339
-0.117310	-0.994385	0.006226	0.227265	-0.029092	-0.397233
-0.119385	-0.993530	0.008545	0.145020	-0.500131	-0.300035
-0.120239	-0.990967	0.009888	-0.146575	-4.350687	0.275679
-0.118652	-0.994995	0.007202	-0.124145	0.135397	-0.292558
-0.121704	-0.992188	0.007935	-0.542846	-0.328165	-0.068254
-0.117432	-0.991699	0.006104	0.174927	-1.419778	0.081283
-0.117188	-0.993530	0.010132	-0.281158	-14.249979	0.275679
-0.120972	-0.992554	0.001709	-0.385833	-8.089090	0.911208
-0.119873	-0.991699	0.005127	-0.767150	-5.113321	-1.286973
-0.122925	-0.986206	0.010254	0.466523	-31.364389	1.195327
-0.072754	-1.012939	-0.231323	0.481477	-0.290781	1.083175
-0.119263	-0.991821	0.005249	-1.395202	-1.808572	-0.195359
-0.119507	-0.980103	0.059570	0.249696	-14.324747	-0.128068
-0.118286	-0.992798	0.015381	-1.918578	0.972800	-0.696305
-0.111938	-1.005127	0.006714	-11.810394	-3.520761	4.133712
-0.142944	-0.971313	0.008911	3.606782	-14.063058	4.657088
-0.138794	-0.990601	0.007690	-13.141265	-34.018655	0.477553
-0.135742	-1.023804	-0.076904	9.491029	-22.668863	6.421615
-0.116455	-0.984863	-0.005249	-3.084960	-2.092691	7.595473
-0.149658	-1.012451	-0.074463	-2.972808	-56.411691	16.634932
-0.216675	-0.951782	-0.070068	-41.022277	-74.498086	24.575301
-0.227417	-0.970825	-0.127441	-13.672118	-42.945962	-2.535600
-0.227295	-0.950439	-0.072266	24.115662	-39.738412	-22.760362
-0.177124	-0.980591	-0.064819	48.123688	-47.544199	-19.328508
-0.173828	-0.974365	0.003784	25.177369	-59.910837	-8.285264
-0.145630	-0.970581	0.008667	3.173127	-94.520975	7.573043
-0.131470	-1.003174	0.034668	-4.019561	-51.574197	0.806533
-0.150146	-0.988647	0.037109	-15.100188	-43.289896	1.337386
-0.112549	-1.006592	0.042480	11.001343	-3.707681	-20.711717
-0.122925	-1.021606	0.091797	-47.250457	34.169821	-1.384172
-0.059448	-0.996704	0.087402	-6.980376	-15.506082	-0.307511
-0.064941	-1.024292	0.172974	12.676148	-31.012979	1.247664
-0.088013	-1.001953	0.048218	9.289155	-43.282419	2.466384
-0.274414	-1.009155	0.255859	-18.532043	10.019736	1.000930
-0.108398	-0.969849	0.115967	-5.118652	-20.433298	1.457015
-0.123657	-0.989502	0.026855	-1.522308	-37.248636	9.337569
-0.082153	-1.084595	-0.004395	31.121430	-16.007028	-6.049699
-0.101685	-0.998047	0.074463	3.464722	-46.310525	2.885085
-0.105713	-0.975220	0.066528	10.926575	-35.842996	2.914992
-0.098755	-1.015259	0.111084	-5.051360	-62.153879	5.382338
-0.108521	-0.985229	0.074463	7.606873	-1.330057	0.036422
-0.113647	-0.978516	0.083496	-8.931823	-34.235483	3.027144
-0.105469	-0.988037	0.091309	2.507691	-9.920907	0.514937
-0.109985	-0.992310	0.086304	1.640382	-3.408609	0.522414
-0.106934	-0.987549	0.069092	-3.593383	0.883078	-0.195359
-0.107544	-0.984863	0.066772	-2.277465	0.180258	-0.434617
-0.112305	-1.008789	0.049561	-1.298003	-42.549692	2.414046
-0.118652	-0.990234	0.127197	10.627503	-11.498514	1.344863
-0.106934	-0.979614	0.079712	1.229157	0.262503	-0.621537
-0.104126	-0.988892	0.058350	-3.227020	0.628867	0.103713
-0.104126	-0.988647	0.050049	1.902070	-0.290781	-0.195359
-0.105347	-0.986328	0.065186	4.960084	-16.485544	1.718703
-0.107056	-0.983398	0.061401	7.494721	-5.083414	0.716811
-0.107056	-0.989258	0.059326	-1.813903	0.367178	-0.045823
-0.106079	-0.987427	0.055298	-14.741302	-4.784341	0.649520
-0.109497	-0.990234	0.051392	10.859284	-0.933786	-0.053300
-0.105469	-0.973511	0.134399	-10.389800	2.774710	-0.277604
-0.102417	-0.990479	0.031738	-28.393951	3.642020	-0.090684
-0.099731	-0.993530	0.003540	-5.372863	13.974967	-1.002854
-0.098999	-0.993286	0.023193	6.335816	-3.296457	0.148574
-0.094482	-0.989746	0.033325	0.802979	-1.404825	-0.210313
-0.097656	-0.991699	0.036499	4.698395	-3.632913	0.088759
-0.100952	-0.989502	0.019409	-0.378356	-1.748758	-0.075730
-0.098267	-0.993164	0.021362	-12.475829	-6.107736	-0.673875
-0.101685	-0.990112	0.033936	3.973145	-2.399240	0.215865
-0.100098	-1.019653	0.001709	-7.877593	-9.524637	0.754195
-0.102783	-0.993774	0.013794	0.840363	-4.268442	0.671950
-0.098633	-0.993286	0.010620	-0.101714	0.688681	0.335494
-0.103638	-0.994873	0.006714	1.154389	-0.103860	0.043898
-0.105469	-0.992065	0.006592	4.189973	-1.479593	0.387832
-0.105347	-0.986450	0.017700	12.302308	-12.649942	0.642043
-0.114258	-1.024170	0.093750	-0.924163	11.073966	-0.965470
-0.108521	-0.994507	-0.011475	-0.856872	-9.547067	-1.144914
-0.139160	-0.997437	0.072632	4.354462	-1.831003	-3.298234
-0.115967	-0.999634	-0.014893	12.593903	-12.320962	9.614211
-0.131836	-0.998535	0.038452	3.928284	-1.075845	0.440169
-0.153198	-0.972168	0.051636	-21.836791	1.959738	2.436477
-0.099976	-1.002563	0.094971	7.532105	1.002707	-0.614060
-0.118896	-0.960571	0.025391	-3.563476	9.429068	6.526290
-0.136353	-0.955444	-0.042969	5.356354	3.462576	0.537368
-0.113647	-1.015869	0.046021	-1.798949	6.356101	-1.660813
-0.108887	-0.991699	0.062012	1.386170	1.391501	1.344863
-0.138672	-1.022095	0.083496	9.296632	-0.230966	3.415938
-0.120605	-0.978638	0.069824	4.444184	-3.550668	3.109389
-0.087891	-0.975342	-0.111328	-1.679321	3.066306	1.471969
-0.123535	-1.004028	0.112549	-1.372772	-0.216012	3.498183
-0.108154	-0.976318	-0.025513	1.528229	-0.141244	-0.150498
-0.098267	-0.969482	-0.037964	4.092774	-9.120889	3.557998
-0.133057	-1.039429	0.071045	3.158173	-5.487161	2.361709
-0.112671	-1.000610	0.038574	-2.524200	-0.634714	-0.516862
-0.122559	-0.987183	0.030884	-1.604553	0.210166	2.025252
-0.096436	-0.978516	-0.081909	3.599305	-3.004861	2.212172
-0.114990	-0.954468	0.100464	-6.240173	8.128104	1.314956
-0.108887	-1.002441	0.014282	-3.256927	3.141074	3.184157
-0.124146	-0.978271	0.068237	-4.527984	-2.466531	0.066329
-0.120850	-1.021362	0.027100	1.969361	-4.634805	2.129928
-0.125977	-0.981934	0.050171	0.242219	0.673728	-2.954301
-0.112305	-0.999390	0.041504	-1.103606	0.157828	1.980391
-0.100708	-0.997925	0.030518	3.808656	5.735526	-2.161759
-0.119629	-0.974487	0.038452	15.547242	-7.737680	-0.352372
-0.128540	-0.969604	0.013306	-0.116668	2.318625	-0.352372
-0.136597	-1.016357	0.180786	-5.993438	7.148642	1.614028
-0.107544	-0.987671	0.023315	-5.754180	-0.544992	-4.756211
-0.124512	-1.000366	0.191772	9.722810	-3.259073	-5.466508
-0.084961	-0.981812	-0.097046	12.339692	-5.060983	3.587905
-0.098145	-1.003906	-0.132446	-9.589782	8.120627	1.068221
-0.105713	-0.995117	0.065063	-1.664367	5.047659	-2.715043
-0.110962	-0.986206	0.109375	0.750642	-2.608591	-0.584153
-0.103271	-0.981323	0.056152	-1.492400	2.228903	-2.363633
-0.107422	-0.983643	0.043945	-4.176574	-0.500131	-2.004747
-0.100708	-0.986206	0.042847	1.550660	-0.836587	-0.479478
-0.096680	-0.989624	0.036133	-1.455016	2.505545	0.238295
-0.099243	-0.991699	0.031738	5.730195	-0.582376	-0.120591
-0.098145	-0.989868	0.038452	0.720734	-0.253397	-0.165452
-0.094971	-0.993164	0.037476	-1.290527	6.101889	-0.531816
-0.099243	-0.992310	0.035767	-1.223235	0.598959	-0.337419
-0.099854	-0.992310	0.038208	1.774964	-0.522562	-0.165452
-0.100342	-0.994019	0.031372	1.483369	-0.268350	-0.165452
-0.099365	-0.989990	0.038818	-0.176482	-0.103860	-0.128068
-0.100586	-0.992065	0.032227	2.649750	-0.208536	-0.247697
-0.100098	-0.990112	0.055542	1.019807	0.277457	0.133620
-0.100342	-0.988525	0.051758	-2.284942	5.301871	-0.449571
-0.097900	-0.990234	0.053833	7.479768	3.604636	-0.255174
-0.100586	-0.992310	0.046021	2.739472	-0.746866	0.088759
-0.096191	-0.994385	0.046387	-0.707336	1.914877	-0.307511
-0.097290	-0.989258	0.051880	-2.726074	1.825156	0.118667
-0.097778	-0.988403	0.050903	-0.453124	-0.066476	-0.494432
-0.098633	-0.988647	0.055908	-0.490508	-0.298257	-0.419664
-0.100220	-0.987671	0.057007	5.872254	-1.487070	-0.075730
-0.098145	-0.988647	0.061157	0.937562	-0.567422	-0.098161
-0.099854	-0.990356	0.056763	-1.836334	-3.475900	0.709334
-0.099976	-0.992676	0.060547	-8.146758	-8.111520	1.068221
-0.105713	-0.988403	0.029541	2.836671	-11.408792	3.857070
-0.104736	-0.993530	0.027100	-4.445739	-29.712015	-0.800981
-0.099243	-1.007812	-0.001587	-17.709594	-52.105051	13.061019
-0.111206	-1.009521	-0.005005	0.107636	-39.125314	7.146865
-0.128296	-1.000122	0.006836	-2.965331	-25.614725	17.472335
-0.144775	-0.989624	-0.000732	-2.883086	-36.396280	1.688796
-0.153809	-0.987793	0.063843	-7.212157	-32.313943	6.705733
-0.110840	-1.011963	0.042358	-5.402770	-30.414834	-1.989793
-0.078491	-1.009277	0.006836	-0.684905	-69.017587	-11.388139
-0.127441	-1.001465	0.016357	14.739747	-51.626535	6.212264
-0.108887	-1.005127	0.013428	9.319062	-64.980112	6.219741
-0.112061	-1.017334	0.029907	11.345277	-63.574472	4.769240
-0.129883	-0.993408	0.012939	3.053498	-55.364938	5.015975
-0.124146	-0.980835	0.058838	-3.488708	-60.150095	-8.546952
-0.090698	-0.987061	0.057129	-5.178466	-63.350168	5.860854
-0.088623	-0.997559	0.048096	-15.040374	-56.905160	4.529982
-0.109131	-0.979736	0.047241	-1.686797	-34.579416	3.789779
-0.099854	-1.009644	0.032837	-14.173064	-50.654550	15.281630
-0.139282	-0.963379	0.021606	-11.339355	-35.940195	11.917067
-0.119995	-0.988037	0.002686	-13.642211	-32.553201	1.569167
-0.109741	-0.979004	0.003418	-3.989654	-34.706522	-12.360124
-0.101807	-0.999878	0.015869	13.820100	-30.212961	3.984176
-0.119019	-0.982544	0.000977	0.750642	-31.297098	1.741134
-0.192505	-1.000732	-0.105957	-56.820770	-9.292856	-12.412461
-0.082031	-0.990479	-0.141479	4.922700	0.965323	2.129928
-0.050537	-0.976562	-0.171021	5.393739	-16.507974	5.098220
-0.158447	-0.963623	-0.028442	37.880463	0.561575	8.111373
-0.108032	-0.999878	-0.062622	15.412659	-13.614450	2.885085
-0.106934	-0.993286	-0.039917	-10.606628	-3.378702	-0.322465
-0.104492	-1.000000	-0.136108	13.790192	-14.302316	3.318740
-0.119995	-0.993164	0.020630	1.102051	0.531668	0.769149
-0.108765	-0.992432	-0.025513	-3.197112	1.346640	0.320540
-0.108887	-0.993408	-0.015015	-4.640136	0.142874	-0.337419
-0.112793	-0.993652	-0.002075	-2.905517	0.912985	0.103713
-0.109863	-0.995728	-0.016235	2.021699	-0.006662	0.896254
-0.106934	-0.990601	-0.032349	0.376801	0.441947	0.425216
-0.108887	-0.991211	-0.031128	0.937562	0.053153	0.784102
-0.109253	-0.992554	-0.021729	-1.963439	0.397086	0.492507
-0.107056	-0.988403	-0.032349	0.780549	-0.118814	0.425216
-0.108521	-0.993896	-0.025513	-0.378356	0.000815	0.253249
-0.108765	-0.992065	-0.026001	2.776856	-0.709482	0.709334
-0.109375	-0.992432	-0.026733	1.438508	0.068106	0.537368
-0.108765	-0.993896	-0.020996	-2.083068	0.883078	0.410262
-0.108398	-0.990967	-0.030151	1.311402	-0.223489	0.709334
-0.102783	-0.992188	-0.026367	-0.468078	0.247550	0.410262
-0.109497	-0.991211	-0.024658	0.541291	0.202689	0.514937
-0.106689	-0.994385	-0.027832	1.550660	-0.171152	0.746718
-0.107910	-0.991211	-0.017456	-2.060638	0.920462	0.245772
-0.107910	-0.990356	-0.025879	4.070344	-0.268350	1.187850
-0.106934	-0.994385	-0.023315	-1.066222	0.269980	0.642043
-0.109619	-0.991943	-0.023193	1.782441	0.060629	0.679427
-0.109131	-0.989868	-0.019287	1.199250	0.165305	0.769149
-0.109131	-0.989624	-0.025879	-1.686797	0.352225	-0.060777
-0.108521	-0.993530	-0.021240	-0.744720	-0.223489	0.432692
-0.109131	-0.992310	-0.037964	0.376801	0.666251	0.754195
-0.109619	-0.992065	-0.022461	1.752534	0.284934	0.716811
-0.107788	-0.991821	-0.021973	1.909547	0.195212	1.015883
-0.108765	-0.991211	-0.021362	1.490845	0.127921	0.694381
-0.107422	-0.991943	-0.017578	0.683350	0.068106	0.036422
-0.108276	-0.992798	-0.023438	-0.849395	0.135397	0.118667
-0.111938	-0.991455	-0.005981	1.027283	0.337271	0.387832
-0.110352	-0.991821	-0.022949	1.019807	0.419516	0.784102
-0.110596	-0.992554	-0.015259	-1.694274	0.666251	-0.128068
