-0.088257	0.003662	-0.988647	0.311953	0.132657	-0.246216
-0.082520	0.002197	-0.989502	0.080172	0.005551	-0.358369
-0.086670	0.003906	-0.993774	-0.211423	0.102749	-0.238740
-0.085449	0.003662	-0.993896	-0.301145	-0.076694	0.007995
-0.086060	-0.000366	-0.988159	0.267092	0.117703	0.105193
-0.084351	0.003540	-0.992798	-0.405820	-0.241184	-0.036866
-0.086060	0.002563	-0.990845	0.035311	0.334530	0.172485
-0.084717	0.002808	-0.989990	-0.046934	0.072842	0.112670
-0.089233	0.002930	-0.987061	-0.166562	-0.024356	0.105193
-0.088379	0.002441	-0.990234	-0.458158	-0.525302	-0.104157
-0.086426	0.001343	-0.991333	0.125033	0.087796	-0.006959
-0.086426	0.000610	-0.985718	0.080172	0.521451	0.075286
-0.088013	0.001831	-0.994141	-0.009549	0.229855	-0.216309
-0.089111	0.003906	-0.988403	-0.218900	0.222378	-0.044343
-0.083862	0.002686	-0.991089	-0.039457	0.072842	-0.096680
-0.086914	0.006348	-0.991333	0.394198	-0.158939	-0.134064
-0.083862	0.002197	-0.989746	-0.181516	-0.248661	-0.149018
-0.091431	0.001587	-0.993286	-0.480588	-0.129032	-0.156495
-0.090820	0.004639	-0.994141	-0.473112	-1.011295	0.441650
-0.089111	0.004028	-0.989746	-0.076841	-0.263614	0.030425
-0.089111	0.008545	-0.989746	0.461489	-0.158939	0.703338
-0.099365	0.009155	-0.994507	-0.809568	-0.143985	1.585601
-0.087646	0.003174	-0.984985	0.117556	0.566311	0.112670
-0.088013	0.004639	-0.992310	-0.510496	-0.936527	-0.208832
-0.089355	0.003906	-0.993042	0.603549	1.052304	-0.821931
-0.087646	0.001831	-0.988403	0.177371	-0.764560	0.299590
-0.093506	0.005493	-0.986938	1.799838	0.947628	-0.156495
-0.146240	0.084717	-0.998291	0.072695	-0.129032	6.505340
-0.023560	-0.060669	-0.984863	-1.138547	0.469113	1.518310
-0.050415	-0.087036	-0.994507	-5.385373	0.947628	-37.144257
-0.090820	0.003784	-0.988037	5.336367	-1.317844	-1.128480
-0.117920	-0.008545	-0.989746	2.569949	-3.882389	-33.929230
-0.060791	-0.144897	-0.988647	120.127780	13.673153	-23.117768
0.058350	-0.205444	-1.190674	52.290713	13.755398	-20.672852
-0.110962	-0.320312	-0.842773	24.073245	67.319241	-16.762482
-0.023560	-0.176636	-0.999512	4.117648	41.098080	-19.409272
0.067139	-0.231201	-1.053101	9.224307	41.045743	-31.215150
0.127930	-0.341431	-1.188354	12.633731	66.870633	-175.936219
0.263306	-0.012451	-0.699707	2.218539	95.551663	-162.507874
0.277466	-0.127075	-0.756226	6.584994	40.455075	-82.296693
0.454468	-0.213867	-0.508423	43.497988	22.869626	-185.626160
0.313354	-0.009644	-0.617065	3.893344	-45.109500	-81.070496
0.201050	0.157471	-0.589355	24.290072	-29.325962	-62.056977
0.229736	0.385620	-0.873901	19.422671	-64.055728	-36.867615
0.270020	0.102539	-0.747803	18.660037	-40.219669	-40.785462
0.241699	0.098267	-0.892212	7.766329	-6.970310	-23.551423
0.174438	0.377197	-1.065308	28.806063	-64.937992	-18.123261
0.127319	0.081421	-1.163208	20.177828	-29.101657	-17.846619
0.067139	0.018188	-1.030396	11.811282	-12.869510	3.372558
0.017822	0.002563	-0.997803	35.804354	-38.238315	-3.229462
0.026367	-0.017578	-1.090454	39.146487	-26.596927	5.062316
0.028076	-0.080200	-1.070801	-3.575986	16.260128	-10.467011
0.021240	-0.005737	-1.026123	-3.366636	4.327145	-1.420075
0.023193	-0.018799	-0.908081	-3.433927	-1.272983	0.651000
0.036865	-0.015747	-0.973877	-1.489957	5.620633	3.649200
0.023438	-0.056519	-0.964478	3.908297	-1.751499	-2.100464
0.045288	-0.027954	-0.984253	-4.981626	10.809536	-2.354676
0.034790	-0.040405	-0.998047	-9.520048	-0.413150	-1.771485
0.046875	0.039307	-0.927490	6.502749	-3.845005	1.750091
0.046509	-0.011230	-0.961426	-4.802183	2.196255	-2.743470
0.051025	-0.017090	-1.012085	-1.303037	-2.745914	-1.846253
0.039673	0.024902	-0.980469	-5.572294	3.534604	-2.578980
0.046021	0.047852	-0.988159	-3.284391	-0.084171	-2.676179
0.044678	-0.009277	-0.967285	1.627871	-5.459995	-0.844361
0.043213	0.085327	-0.947144	-4.002164	3.115902	-4.343506
0.033813	-0.003418	-1.019043	-3.463834	-1.512241	-3.879944
0.051636	0.014404	-1.017090	-3.478788	2.786923	-1.412598
0.031128	0.020630	-1.005615	3.145663	-2.282352	3.843597
0.057983	0.054199	-0.963989	-4.809659	15.400296	-9.666993
0.045654	0.060059	-0.975708	7.070986	-10.828342	-1.195771
0.038696	0.079102	-0.935791	-0.495542	-3.426303	-3.184601
0.044800	0.071655	-0.916992	3.624179	-10.088138	0.000518
0.002441	0.154419	-0.998657	6.913973	-13.834018	16.456970
-0.004517	0.133423	-1.079468	0.977389	-10.611515	30.827392
-0.012573	0.213257	-1.160400	25.217196	-27.344608	51.919464
-0.054199	-0.020996	-0.930054	13.381411	5.672970	39.889282
-0.063354	-0.144897	-0.964600	6.420504	0.955105	37.541564
-0.040527	-0.033691	-1.010620	-2.783445	17.142392	31.141418
-0.036621	-0.042114	-1.145752	-48.085416	2.585049	36.479858
0.008545	-0.341797	-1.162720	-16.361326	15.355435	36.808837
0.024536	-0.096680	-1.046509	-7.523740	19.026547	3.955749
0.033936	-0.049805	-1.033569	-8.480771	9.172116	-0.388276
0.021729	-0.071411	-0.896362	-15.090268	30.720273	0.651000
0.078735	-0.050903	-0.990356	-10.065854	2.562619	-7.483765
0.077271	-0.005127	-1.079102	-12.316373	31.176358	-11.932465
0.102539	0.001709	-0.958252	-10.948118	47.154294	-15.005433
0.165405	-0.037476	-0.895020	-1.691831	35.677395	-13.532502
0.222778	0.072632	-0.857544	-11.434110	35.871792	-17.816712
0.265991	0.097778	-0.903564	4.199893	33.546505	-22.213074
0.288330	0.142212	-0.805786	-0.211423	40.126095	-21.353242
0.328613	0.087646	-0.787354	18.817050	34.025021	-27.663666
0.385132	0.110718	-0.737061	18.099276	26.144467	-29.607636
0.390869	0.095581	-0.806641	12.080447	26.159420	-36.493775
0.385742	0.063721	-0.723999	21.680667	11.818905	-41.495759
0.420288	0.199585	-0.675049	14.607607	14.764767	-39.933106
0.415039	0.166626	-0.733765	11.437441	9.344082	-39.648987
0.379761	0.091187	-0.722046	10.151431	-1.639347	-37.787263
0.320923	0.222046	-0.651611	10.547701	-10.559177	-45.383698
0.237793	0.283447	-0.489868	-7.336820	-11.351718	-62.236420
0.268799	0.472778	-0.591675	-4.600309	-15.568637	-60.434510
0.209473	0.501343	-0.865479	18.914248	-6.648807	-31.200196
0.106567	0.376221	-0.820190	33.994967	-77.469120	-10.556733
0.016968	0.542603	-0.797729	-7.463926	-39.591617	-11.364228
-0.002441	0.739502	-1.078369	14.368350	-71.338138	-7.767884
0.014404	0.568848	-1.080444	14.323489	-69.139957	13.271850
-0.100586	0.365601	-1.126709	10.181338	-24.735202	32.980712
-0.100708	0.415161	-0.891846	5.762545	-36.406497	45.063232
-0.164185	0.345703	-0.985718	-0.914243	-40.017795	55.538238
-0.182373	0.393188	-1.042969	1.829745	-21.430454	46.835235
-0.229370	0.179443	-1.034180	19.168460	-11.957340	44.539855
-0.197510	0.263550	-1.125977	18.031985	7.273007	30.199340
-0.183105	0.060669	-1.108643	19.699313	-3.680515	39.036926
-0.183838	-0.085449	-1.022949	23.220889	17.598477	14.154113
-0.154419	-0.036987	-0.983398	17.934786	8.633786	1.069702
-0.095947	0.115723	-0.840576	13.269259	-3.104801	-15.110108
-0.103760	0.054321	-0.964600	4.798037	-6.574039	1.765045
-0.132935	0.120483	-1.082764	-4.144224	-1.317844	-3.999573
-0.129639	0.094116	-1.045532	5.201785	0.887814	-5.255677
-0.133911	0.124512	-0.970093	7.684085	-0.764560	-5.756623
-0.111450	0.069702	-0.996948	5.104586	-3.710422	-0.171448
-0.114136	0.066284	-1.068848	1.246554	0.125180	0.561279
-0.136841	0.084961	-1.036255	9.373843	-1.504764	1.316436
-0.148071	0.087402	-0.968018	8.102786	0.110226	0.688384
-0.119385	0.078857	-0.963379	1.612918	-5.310459	-3.513581
-0.143433	0.055420	-1.009155	6.614901	-5.878696	2.789367
-0.135254	0.031006	-1.008057	-1.116117	3.422451	0.972503
-0.137451	0.042236	-1.009521	5.934512	-0.794467	-2.055604
-0.144775	0.017090	-0.969238	1.874606	-3.942203	4.695953
-0.153931	0.085693	-1.003052	-0.772184	0.132657	-6.100556
-0.139282	0.098389	-0.982056	1.725070	-0.779514	0.007995
-0.160889	0.058594	-0.978516	-0.203946	-1.915988	-1.479890
-0.165649	0.030396	-0.989136	-12.705167	0.887814	1.009887
-0.148193	0.093872	-1.027832	-4.473203	-6.663761	0.957549
-0.145996	0.003662	-0.950806	1.500765	-1.056156	-3.132264
-0.150146	0.015991	-0.993408	1.941897	-2.424411	0.583709
-0.163452	0.089111	-0.996460	-0.704893	0.072842	-2.676179
-0.162720	0.032104	-0.976807	-0.218900	0.229855	-3.887421
-0.163086	0.078857	-0.982422	-4.189084	2.166348	1.727661
-0.179565	0.048950	-0.980225	1.523196	-0.061740	-2.878052
-0.165405	0.085449	-0.949951	-1.609586	-2.828159	-1.285493
-0.174927	0.079712	-1.006714	-2.132963	-0.682315	1.346343
-0.183350	0.096191	-1.014526	1.994235	-2.446842	-1.876160
-0.175903	0.061279	-0.992065	1.994235	0.394345	-5.674378
-0.162598	0.074585	-0.968384	0.222232	1.246701	0.576232
-0.181030	0.070557	-0.998901	-0.495542	0.042935	0.965026
-0.191772	0.060059	-0.977295	1.971804	-1.265506	-0.141541
-0.182251	0.052612	-0.964844	1.635348	-2.536563	-2.182709
-0.174805	0.024780	-0.998535	0.379244	-2.693576	-1.614472
-0.175415	0.065063	-0.980713	1.448428	-0.338382	-2.743470
-0.181519	0.046509	-0.982300	-2.312406	-0.300998	3.028625
-0.181519	0.079590	-0.958130	0.132510	1.343899	-1.741578
-0.186523	0.069214	-1.016846	-0.211423	-4.473056	0.845397
-0.194214	0.073120	-1.011230	0.558688	-4.488010	-2.063080
-0.198975	0.028198	-0.989502	0.566165	-3.568363	-0.403229
